4294967278,574
4294967279,385
4294967278,573
4294967278,572
4294967278,256
4294967278,563
4294967278,571
4294967279,62
4294967279,58
4294967279,57
4294967279,56
4294967278,255
4294967278,570
4294967279,384
4294967278,254
4294967278,253
4294967278,251
4294967278,248
4294967278,246
4294967278,245
4294967278,242
4294967279,51
4294967279,50
4294967278,241
4294967278,238
4294967278,559
4294967278,236
4294967278,234
4294967278,233
4294967278,230
4294967278,229
4294967278,226
4294967278,224
4294967279,49
4294967279,48
4294967279,47
4294967278,223
4294967278,220
4294967279,44
4294967279,42
4294967279,41
4294967278,219
4294967278,217
4294967278,214
4294967279,295
4294967278,213
4294967278,212
4294967278,514
4294967278,569
4294967279,293
4294967278,209
4294967279,40
4294967279,38
4294967279,35
4294967279,33
4294967279,32
4294967279,31
4294967279,30
4294967278,0
4294967279,292
4294967278,207
4294967278,513
4294967278,205
4294967278,555
4294967278,203
4294967278,523
4294967278,201
4294967278,200
4294967278,319
4294967278,522
4294967279,287
4294967279,356
4294967279,0
4294967278,197
4294967278,196
4294967279,28
4294967279,27
4294967279,26
4294967279,25
4294967279,24
4294967279,23
4294967278,548
4294967278,542
4294967278,541
4294967279,349
4294967278,317
4294967278,521
4294967279,21
4294967279,20
4294967279,19
4294967279,17
4294967279,15
4294967279,13
4294967278,520
4294967278,189
4294967279,281
4294967278,519
4294967278,187
4294967278,315
4294967279,187
4294967278,518
4294967279,324
4294967278,184
4294967278,183
4294967279,12
4294967279,10
4294967279,9
4294967279,346
4294967278,313
4294967278,537
4294967278,515
4294967278,312
4294967279,322
4294967278,552
4294967278,536
4294967278,173
4294967279,171
4294967279,169
4294967279,355
4294967279,303
4294967279,163
4294967279,160
4294967279,300
4294967279,152
4294967294,6
4294967278,132
4294967278,131
4294967278,130
4294967278,129
4294967278,128
4294967278,127
4294967278,126
4294967278,125
4294967278,124
4294967278,123
4294967278,122
4294967278,121
4294967278,120
4294967278,119
4294967278,118
4294967278,117
4294967278,116
4294967278,115
4294967278,114
4294967278,113
4294967278,112
4294967278,111
4294967278,110
4294967278,109
4294967278,108
4294967278,107
4294967278,106
4294967278,105
4294967278,104
4294967278,103
4294967278,102
4294967278,101
4294967278,100
4294967278,99
4294967278,98
4294967278,97
4294967278,96
4294967278,95
4294967278,94
4294967278,93
4294967278,92
4294967278,91
4294967278,90
4294967278,89
4294967278,87
4294967278,86
4294967278,85
4294967278,84
4294967278,83
4294967278,82
4294967278,81
4294967278,80
4294967278,79
4294967278,78
4294967278,77
4294967278,76
4294967278,75
4294967278,74
4294967278,73
4294967278,72
4294967278,71
4294967278,70
4294967278,69
4294967278,68
4294967278,67
4294967278,66
4294967278,65
4294967278,64
4294967278,63
4294967278,62
4294967278,61
4294967278,60
4294967278,59
4294967278,58
4294967279,79
4294967279,74
4294967279,72
4294967279,71
4294967279,69
4294967279,63
4294967279,61
4294967279,60
4294967279,59
4294967279,55
4294967279,54
4294967279,53
4294967279,52
4294967279,46
4294967279,45
4294967279,43
4294967279,39
4294967279,37
4294967279,36
4294967279,22
4294967279,16
4294967279,8
4294967279,7
4294967279,6
4294967279,5
4294967279,4
4294967279,34
4294967279,291
4294967279,145
4294967294,430
4294967279,29
4294967279,288
4294967278,540
76,5
74,5
76,4
4294967279,133
76,3
76,2
76,1
4294967279,273
4294967279,18
75,4
75,3
75,2
75,1
4294967279,270
74,4
4294967279,269
74,3
74,2
74,1
0,7
4294967294,83
4294967279,340
4294967279,14
4294967279,338
4294967294,2
4294967279,11
4294967279,329
4294967294,1416
4294967294,908
4294967294,186
4294967294,0
4294967294,1
4294967294,107
4294967294,92
4294967294,88
4294967294,85
4294967294,954
4294967294,29
4294967294,28
4294967294,27
4294967294,96
4294967294,94
4294967279,339
4294967279,262
4294967279,367
4294967294,22
4294967294,172
0,5
4294967294,7
4294967294,93
4294967294,95
4294967294,470
4243767290,0
4294967294,401
4294967294,389
4294967294,457
4294967294,46
4294967294,42
4294967294,99
4294967294,76
4294967294,115
4294967294,453
4294967294,112
4294967294,423
4294967294,455
4294967294,110
4294967294,161
4294967294,51
4294967294,180
4294967294,468
4294967294,469
4294967294,467
4294967294,972
4294967294,164
4294967294,190
4294967294,17
4294967294,175
